# y u_x u_y
0.000000e+00 0.000000e+00 0.000000e+00
1.000000e-02 -1.621884e-01 1.409069e-03
2.000000e-02 -2.612062e-01 4.992116e-04
3.000000e-02 -3.350765e-01 -2.059049e-03
4.000000e-02 -3.943310e-01 -4.244813e-03
5.000000e-02 -4.316357e-01 -5.773354e-03
6.000000e-02 -4.447459e-01 -6.822810e-03
7.000000e-02 -4.390265e-01 -7.625298e-03
8.000000e-02 -4.243247e-01 -8.342553e-03
9.000000e-02 -4.080034e-01 -9.011280e-03
1.000000e-01 -3.938150e-01 -9.639159e-03
1.100000e-01 -3.823423e-01 -1.013802e-02
1.200000e-01 -3.726407e-01 -1.051512e-02
1.300000e-01 -3.636377e-01 -1.078349e-02
1.400000e-01 -3.550669e-01 -1.092885e-02
1.500000e-01 -3.460707e-01 -1.097380e-02
1.600000e-01 -3.370020e-01 -1.096135e-02
1.700000e-01 -3.278995e-01 -1.083482e-02
1.800000e-01 -3.187343e-01 -1.061869e-02
1.900000e-01 -3.095633e-01 -1.038919e-02
2.000000e-01 -3.004915e-01 -1.011953e-02
2.100000e-01 -2.914069e-01 -9.798002e-03
2.200000e-01 -2.823125e-01 -9.424872e-03
2.300000e-01 -2.732397e-01 -9.012727e-03
2.400000e-01 -2.641797e-01 -8.568293e-03
2.500000e-01 -2.551325e-01 -8.091571e-03
2.600000e-01 -2.460783e-01 -7.585158e-03
2.700000e-01 -2.370163e-01 -7.053206e-03
2.800000e-01 -2.279463e-01 -6.495713e-03
2.900000e-01 -2.188897e-01 -5.914163e-03
3.000000e-01 -2.098449e-01 -5.310490e-03
3.100000e-01 -2.008099e-01 -4.684697e-03
3.200000e-01 -1.917470e-01 -4.038311e-03
3.300000e-01 -1.826875e-01 -3.374684e-03
3.400000e-01 -1.736449e-01 -2.693929e-03
3.500000e-01 -1.645854e-01 -1.996330e-03
3.600000e-01 -1.555251e-01 -1.283363e-03
3.700000e-01 -1.464848e-01 -5.552239e-04
3.800000e-01 -1.374244e-01 1.877968e-04
3.900000e-01 -1.283462e-01 9.444021e-04
4.000000e-01 -1.192912e-01 1.714449e-03
4.100000e-01 -1.102249e-01 2.497801e-03
4.200000e-01 -1.011232e-01 3.293418e-03
4.300000e-01 -9.204289e-02 4.101098e-03
4.400000e-01 -8.296012e-02 4.920768e-03
4.500000e-01 -7.382376e-02 5.751219e-03
4.600000e-01 -6.470358e-02 6.592025e-03
4.700000e-01 -5.558794e-02 7.443160e-03
4.800000e-01 -4.640278e-02 8.303339e-03
4.900000e-01 -3.722626e-02 9.171846e-03
5.000000e-01 -2.805838e-02 1.004868e-02
5.100000e-01 -1.880270e-02 1.093234e-02
5.200000e-01 -9.548885e-03 1.182172e-02
5.300000e-01 -2.969180e-04 1.271682e-02
5.400000e-01 9.040627e-03 1.361619e-02
5.500000e-01 1.839972e-02 1.451796e-02
5.600000e-01 2.776859e-02 1.542214e-02
5.700000e-01 3.720981e-02 1.632738e-02
5.800000e-01 4.669774e-02 1.723001e-02
5.900000e-01 5.621382e-02 1.812981e-02
6.000000e-01 6.579896e-02 1.902574e-02
6.100000e-01 7.545130e-02 1.991328e-02
6.200000e-01 8.514962e-02 2.079194e-02
6.300000e-01 9.491882e-02 2.166078e-02
6.400000e-01 1.047707e-01 2.251333e-02
6.500000e-01 1.146844e-01 2.334837e-02
6.600000e-01 1.246806e-01 2.416530e-02
6.700000e-01 1.347846e-01 2.495674e-02
6.800000e-01 1.449670e-01 2.572053e-02
6.900000e-01 1.552418e-01 2.645640e-02
7.000000e-01 1.656428e-01 2.715546e-02
7.100000e-01 1.761316e-01 2.781349e-02
7.200000e-01 1.867210e-01 2.843041e-02
7.300000e-01 1.974983e-01 2.899771e-02
7.400000e-01 2.083815e-01 2.950976e-02
7.500000e-01 2.193706e-01 2.996657e-02
7.600000e-01 2.305685e-01 3.035957e-02
7.700000e-01 2.418776e-01 3.067847e-02
7.800000e-01 2.532980e-01 3.092326e-02
7.900000e-01 2.650244e-01 3.108824e-02
8.000000e-01 2.769021e-01 3.116356e-02
8.100000e-01 2.889041e-01 3.114907e-02
8.200000e-01 3.011873e-01 3.103897e-02
8.300000e-01 3.136713e-01 3.081898e-02
8.400000e-01 3.263073e-01 3.048846e-02
8.500000e-01 3.392445e-01 3.004417e-02
8.600000e-01 3.524673e-01 2.947680e-02
8.700000e-01 3.658961e-01 2.878586e-02
8.800000e-01 3.796670e-01 2.797459e-02
8.900000e-01 3.937062e-01 2.706190e-02
9.000000e-01 4.084722e-01 2.603026e-02
9.100000e-01 4.236080e-01 2.485167e-02
9.200000e-01 4.389108e-01 2.354722e-02
9.300000e-01 4.542398e-01 2.210743e-02
9.400000e-01 4.675213e-01 2.048826e-02
9.500000e-01 4.771653e-01 1.865190e-02
9.600000e-01 4.804818e-01 1.648474e-02
9.700000e-01 4.757504e-01 1.394355e-02
9.800000e-01 4.859893e-01 9.986896e-03
9.900000e-01 6.285641e-01 3.664524e-03
1.000000e+00 1.000000e+00 0.000000e+00
