# y u_x u_y
0.000000e+00 0.000000e+00 0.000000e+00
1.000000e-02 -1.573064e-01 1.431364e-03
2.000000e-02 -2.543906e-01 7.869048e-04
3.000000e-02 -3.262434e-01 -1.550911e-03
4.000000e-02 -3.838613e-01 -3.577484e-03
5.000000e-02 -4.206390e-01 -5.013415e-03
6.000000e-02 -4.344317e-01 -5.965419e-03
7.000000e-02 -4.300746e-01 -6.721187e-03
8.000000e-02 -4.154269e-01 -7.449224e-03
9.000000e-02 -3.999799e-01 -8.120308e-03
1.000000e-01 -3.858815e-01 -8.711645e-03
1.100000e-01 -3.737629e-01 -9.194112e-03
1.200000e-01 -3.644281e-01 -9.568633e-03
1.300000e-01 -3.556236e-01 -9.838439e-03
1.400000e-01 -3.468995e-01 -1.001071e-02
1.500000e-01 -3.383578e-01 -1.009023e-02
1.600000e-01 -3.297311e-01 -1.008101e-02
1.700000e-01 -3.206969e-01 -9.999808e-03
1.800000e-01 -3.116351e-01 -9.846376e-03
1.900000e-01 -3.026145e-01 -9.620461e-03
2.000000e-01 -2.937664e-01 -9.345060e-03
2.100000e-01 -2.848794e-01 -9.035052e-03
2.200000e-01 -2.759584e-01 -8.690816e-03
2.300000e-01 -2.670636e-01 -8.314884e-03
2.400000e-01 -2.581860e-01 -7.904811e-03
2.500000e-01 -2.493255e-01 -7.460597e-03
2.600000e-01 -2.404607e-01 -6.982494e-03
2.700000e-01 -2.316006e-01 -6.472750e-03
2.800000e-01 -2.227451e-01 -5.931367e-03
2.900000e-01 -2.138777e-01 -5.362924e-03
3.000000e-01 -2.050113e-01 -4.774205e-03
3.100000e-01 -1.961483e-01 -4.165269e-03
3.200000e-01 -1.872844e-01 -3.537380e-03
3.300000e-01 -1.784305e-01 -2.893609e-03
3.400000e-01 -1.695890e-01 -2.234093e-03
3.500000e-01 -1.607251e-01 -1.558740e-03
3.600000e-01 -1.518576e-01 -8.686291e-04
3.700000e-01 -1.430084e-01 -1.640564e-04
3.800000e-01 -1.341359e-01 5.547723e-04
3.900000e-01 -1.252519e-01 1.287847e-03
4.000000e-01 -1.164021e-01 2.035371e-03
4.100000e-01 -1.075382e-01 2.797157e-03
4.200000e-01 -9.862478e-02 3.571271e-03
4.300000e-01 -8.974110e-02 4.357200e-03
4.400000e-01 -8.085670e-02 5.154844e-03
4.500000e-01 -7.191016e-02 5.963721e-03
4.600000e-01 -6.299240e-02 6.783975e-03
4.700000e-01 -5.408690e-02 7.615548e-03
4.800000e-01 -4.508913e-02 8.456298e-03
4.900000e-01 -3.611060e-02 9.305220e-03
5.000000e-01 -2.715133e-02 1.016231e-02
5.100000e-01 -1.809131e-02 1.102619e-02
5.200000e-01 -9.037789e-03 1.189562e-02
5.300000e-01 9.222099e-06 1.277062e-02
5.400000e-01 9.144041e-03 1.365046e-02
5.500000e-01 1.830176e-02 1.453410e-02
5.600000e-01 2.746996e-02 1.542151e-02
5.700000e-01 3.670350e-02 1.631082e-02
5.800000e-01 4.597937e-02 1.719708e-02
5.900000e-01 5.528121e-02 1.808002e-02
6.000000e-01 6.466098e-02 1.895898e-02
6.100000e-01 7.411136e-02 1.983104e-02
6.200000e-01 8.360428e-02 2.069585e-02
6.300000e-01 9.315991e-02 2.155230e-02
6.400000e-01 1.027886e-01 2.239255e-02
6.500000e-01 1.124738e-01 2.321509e-02
6.600000e-01 1.222470e-01 2.401944e-02
6.700000e-01 1.321435e-01 2.480006e-02
6.800000e-01 1.421169e-01 2.555547e-02
6.900000e-01 1.521743e-01 2.628538e-02
7.000000e-01 1.623318e-01 2.697932e-02
7.100000e-01 1.725702e-01 2.763216e-02
7.200000e-01 1.829062e-01 2.824371e-02
7.300000e-01 1.934606e-01 2.880698e-02
7.400000e-01 2.041317e-01 2.931837e-02
7.500000e-01 2.149198e-01 2.977787e-02
7.600000e-01 2.258371e-01 3.017610e-02
7.700000e-01 2.368499e-01 3.049941e-02
7.800000e-01 2.479581e-01 3.074781e-02
7.900000e-01 2.594268e-01 3.091610e-02
8.000000e-01 2.711046e-01 3.100099e-02
8.100000e-01 2.829585e-01 3.100270e-02
8.200000e-01 2.949479e-01 3.091544e-02
8.300000e-01 3.070323e-01 3.071496e-02
8.400000e-01 3.192155e-01 3.039917e-02
8.500000e-01 3.319458e-01 2.996817e-02
8.600000e-01 3.449824e-01 2.941912e-02
8.700000e-01 3.580421e-01 2.875130e-02
8.800000e-01 3.715032e-01 2.796740e-02
8.900000e-01 3.852637e-01 2.709148e-02
9.000000e-01 3.998170e-01 2.609846e-02
9.100000e-01 4.145926e-01 2.494699e-02
9.200000e-01 4.294155e-01 2.368270e-02
9.300000e-01 4.441930e-01 2.227404e-02
9.400000e-01 4.567975e-01 2.062854e-02
9.500000e-01 4.656910e-01 1.881850e-02
9.600000e-01 4.680637e-01 1.668638e-02
9.700000e-01 4.626155e-01 1.404142e-02
9.800000e-01 4.746027e-01 1.000597e-02
9.900000e-01 6.203111e-01 3.760431e-03
1.000000e+00 1.000000e+00 0.000000e+00
