# y u_x u_y
0.000000e+00 0.000000e+00 0.000000e+00
1.000000e-02 -8.178977e-02 8.482889e-04
2.000000e-02 -1.608894e-01 2.907065e-03
3.000000e-02 -2.372988e-01 6.176329e-03
4.000000e-02 -2.674731e-01 9.598721e-03
5.000000e-02 -2.891435e-01 1.203387e-02
6.000000e-02 -3.085578e-01 1.349639e-02
7.000000e-02 -3.154759e-01 1.423909e-02
8.000000e-02 -3.162677e-01 1.479286e-02
9.000000e-02 -3.142814e-01 1.517334e-02
1.000000e-01 -3.061840e-01 1.533513e-02
1.100000e-01 -2.942320e-01 1.523904e-02
1.200000e-01 -2.806382e-01 1.489908e-02
1.300000e-01 -2.693501e-01 1.436865e-02
1.400000e-01 -2.615420e-01 1.395316e-02
1.500000e-01 -2.536580e-01 1.370103e-02
1.600000e-01 -2.462439e-01 1.360560e-02
1.700000e-01 -2.395930e-01 1.353738e-02
1.800000e-01 -2.327631e-01 1.345062e-02
1.900000e-01 -2.256980e-01 1.334444e-02
2.000000e-01 -2.183547e-01 1.322791e-02
2.100000e-01 -2.109444e-01 1.311018e-02
2.200000e-01 -2.035418e-01 1.299203e-02
2.300000e-01 -1.966056e-01 1.288712e-02
2.400000e-01 -1.896203e-01 1.279694e-02
2.500000e-01 -1.825858e-01 1.272149e-02
2.600000e-01 -1.756133e-01 1.265526e-02
2.700000e-01 -1.686301e-01 1.259416e-02
2.800000e-01 -1.616362e-01 1.253820e-02
2.900000e-01 -1.548410e-01 1.249570e-02
3.000000e-01 -1.480760e-01 1.247563e-02
3.100000e-01 -1.413118e-01 1.247789e-02
3.200000e-01 -1.345183e-01 1.249899e-02
3.300000e-01 -1.277327e-01 1.253065e-02
3.400000e-01 -1.209677e-01 1.257252e-02
3.500000e-01 -1.142493e-01 1.262682e-02
3.600000e-01 -1.075768e-01 1.270068e-02
3.700000e-01 -1.009371e-01 1.279464e-02
3.800000e-01 -9.428328e-02 1.290767e-02
3.900000e-01 -8.761265e-02 1.303238e-02
4.000000e-01 -8.097123e-02 1.316735e-02
4.100000e-01 -7.434550e-02 1.331323e-02
4.200000e-01 -6.772267e-02 1.347569e-02
4.300000e-01 -6.112361e-02 1.365606e-02
4.400000e-01 -5.453252e-02 1.385428e-02
4.500000e-01 -4.791142e-02 1.406687e-02
4.600000e-01 -4.130374e-02 1.429204e-02
4.700000e-01 -3.470468e-02 1.452982e-02
4.800000e-01 -2.808050e-02 1.478156e-02
4.900000e-01 -2.146059e-02 1.504815e-02
5.000000e-01 -1.484497e-02 1.532956e-02
5.100000e-01 -8.188831e-03 1.562573e-02
5.200000e-01 -1.528412e-03 1.593620e-02
5.300000e-01 5.136287e-03 1.626096e-02
5.400000e-01 1.183506e-02 1.659845e-02
5.500000e-01 1.855362e-02 1.694663e-02
5.600000e-01 2.528844e-02 1.730551e-02
5.700000e-01 3.207019e-02 1.767458e-02
5.800000e-01 3.888419e-02 1.805219e-02
5.900000e-01 4.572105e-02 1.843825e-02
6.000000e-01 5.259817e-02 1.883171e-02
6.100000e-01 5.952150e-02 1.922959e-02
6.200000e-01 6.648360e-02 1.963175e-02
6.300000e-01 7.350748e-02 2.003758e-02
6.400000e-01 8.059373e-02 2.044235e-02
6.500000e-01 8.771957e-02 2.084508e-02
6.600000e-01 9.490070e-02 2.124519e-02
6.700000e-01 1.021614e-01 2.163850e-02
6.800000e-01 1.094819e-01 2.202424e-02
6.900000e-01 1.168821e-01 2.240226e-02
7.000000e-01 1.243953e-01 2.276516e-02
7.100000e-01 1.319571e-01 2.310910e-02
7.200000e-01 1.395767e-01 2.343390e-02
7.300000e-01 1.473295e-01 2.373520e-02
7.400000e-01 1.551681e-01 2.401171e-02
7.500000e-01 1.630927e-01 2.426343e-02
7.600000e-01 1.712403e-01 2.448293e-02
7.700000e-01 1.794326e-01 2.465901e-02
7.800000e-01 1.876697e-01 2.479167e-02
7.900000e-01 1.960683e-01 2.487680e-02
8.000000e-01 2.046154e-01 2.491409e-02
8.100000e-01 2.133001e-01 2.490388e-02
8.200000e-01 2.222127e-01 2.484069e-02
8.300000e-01 2.311764e-01 2.469858e-02
8.400000e-01 2.401444e-01 2.447515e-02
8.500000e-01 2.495038e-01 2.417705e-02
8.600000e-01 2.592562e-01 2.384605e-02
8.700000e-01 2.692056e-01 2.348840e-02
8.800000e-01 2.799492e-01 2.309408e-02
8.900000e-01 2.909419e-01 2.255121e-02
9.000000e-01 3.014048e-01 2.183255e-02
9.100000e-01 3.104113e-01 2.094825e-02
9.200000e-01 3.168266e-01 2.000499e-02
9.300000e-01 3.219595e-01 1.903130e-02
9.400000e-01 3.221444e-01 1.796577e-02
9.500000e-01 3.227512e-01 1.604120e-02
9.600000e-01 3.423970e-01 1.305511e-02
9.700000e-01 3.559550e-01 8.928086e-03
9.800000e-01 3.346805e-01 4.562398e-03
9.900000e-01 5.493622e-01 1.586369e-03
1.000000e+00 1.000000e+00 0.000000e+00
