# y u_x u_y
0.000000e+00 0.000000e+00 0.000000e+00
1.000000e-02 -1.197941e-01 7.978589e-04
2.000000e-02 -2.121878e-01 2.562760e-03
3.000000e-02 -2.728893e-01 2.901075e-03
4.000000e-02 -3.183547e-01 2.291688e-03
5.000000e-02 -3.527995e-01 2.064957e-03
6.000000e-02 -3.712205e-01 1.912036e-03
7.000000e-02 -3.741905e-01 1.669449e-03
8.000000e-02 -3.681165e-01 1.296291e-03
9.000000e-02 -3.555881e-01 7.957648e-04
1.000000e-01 -3.421153e-01 2.078159e-04
1.100000e-01 -3.307786e-01 -2.841301e-04
1.200000e-01 -3.194917e-01 -6.580252e-04
1.300000e-01 -3.097735e-01 -9.179879e-04
1.400000e-01 -3.018269e-01 -1.110296e-03
1.500000e-01 -2.942011e-01 -1.246257e-03
1.600000e-01 -2.868167e-01 -1.325471e-03
1.700000e-01 -2.793176e-01 -1.355233e-03
1.800000e-01 -2.716980e-01 -1.339648e-03
1.900000e-01 -2.639271e-01 -1.280113e-03
2.000000e-01 -2.558455e-01 -1.192808e-03
2.100000e-01 -2.474873e-01 -1.081567e-03
2.200000e-01 -2.389986e-01 -9.462109e-04
2.300000e-01 -2.313846e-01 -7.795512e-04
2.400000e-01 -2.237255e-01 -5.780939e-04
2.500000e-01 -2.160212e-01 -3.418389e-04
2.600000e-01 -2.083034e-01 -7.306446e-05
2.700000e-01 -2.005006e-01 2.262172e-04
2.800000e-01 -1.926128e-01 5.560061e-04
2.900000e-01 -1.848634e-01 9.146571e-04
3.000000e-01 -1.770320e-01 1.288270e-03
3.100000e-01 -1.690850e-01 1.676060e-03
3.200000e-01 -1.613279e-01 2.077731e-03
3.300000e-01 -1.537399e-01 2.505285e-03
3.400000e-01 -1.462454e-01 2.960507e-03
3.500000e-01 -1.385079e-01 3.438202e-03
3.600000e-01 -1.305914e-01 3.912572e-03
3.700000e-01 -1.226813e-01 4.380300e-03
3.800000e-01 -1.149169e-01 4.847219e-03
3.900000e-01 -1.073034e-01 5.343577e-03
4.000000e-01 -9.970349e-02 5.873624e-03
4.100000e-01 -9.202002e-02 6.434403e-03
4.200000e-01 -8.419056e-02 6.997979e-03
4.300000e-01 -7.637784e-02 7.557482e-03
4.400000e-01 -6.859033e-02 8.113911e-03
4.500000e-01 -6.084733e-02 8.689518e-03
4.600000e-01 -5.312492e-02 9.293466e-03
4.700000e-01 -4.540367e-02 9.925469e-03
4.800000e-01 -3.756459e-02 1.056695e-02
4.900000e-01 -2.974155e-02 1.120677e-02
5.000000e-01 -2.193455e-02 1.184493e-02
5.100000e-01 -1.405555e-02 1.248816e-02
5.200000e-01 -6.182426e-03 1.314335e-02
5.300000e-01 1.684824e-03 1.381050e-02
5.400000e-01 9.618486e-03 1.448699e-02
5.500000e-01 1.757696e-02 1.516929e-02
5.600000e-01 2.555127e-02 1.585739e-02
5.700000e-01 3.357495e-02 1.654989e-02
5.800000e-01 4.164452e-02 1.724353e-02
5.900000e-01 4.975149e-02 1.793819e-02
6.000000e-01 5.789733e-02 1.863302e-02
6.100000e-01 6.610153e-02 1.932504e-02
6.200000e-01 7.436787e-02 2.001401e-02
6.300000e-01 8.267927e-02 2.069900e-02
6.400000e-01 9.104977e-02 2.137414e-02
6.500000e-01 9.950112e-02 2.203836e-02
6.600000e-01 1.080120e-01 2.269101e-02
6.700000e-01 1.165865e-01 2.332568e-02
6.800000e-01 1.252684e-01 2.394078e-02
6.900000e-01 1.340456e-01 2.453633e-02
7.000000e-01 1.428749e-01 2.510381e-02
7.100000e-01 1.517825e-01 2.563787e-02
7.200000e-01 1.607799e-01 2.613832e-02
7.300000e-01 1.699641e-01 2.660287e-02
7.400000e-01 1.792724e-01 2.703199e-02
7.500000e-01 1.887051e-01 2.742569e-02
7.600000e-01 1.981925e-01 2.777768e-02
7.700000e-01 2.077165e-01 2.807339e-02
7.800000e-01 2.172772e-01 2.831283e-02
7.900000e-01 2.274540e-01 2.848846e-02
8.000000e-01 2.376771e-01 2.858495e-02
8.100000e-01 2.478588e-01 2.860190e-02
8.200000e-01 2.584599e-01 2.854343e-02
8.300000e-01 2.689370e-01 2.840136e-02
8.400000e-01 2.791028e-01 2.817356e-02
8.500000e-01 2.903091e-01 2.785414e-02
8.600000e-01 3.020163e-01 2.743115e-02
8.700000e-01 3.134132e-01 2.690481e-02
8.800000e-01 3.251575e-01 2.628601e-02
8.900000e-01 3.374250e-01 2.565803e-02
9.000000e-01 3.501820e-01 2.493748e-02
9.100000e-01 3.630744e-01 2.399102e-02
9.200000e-01 3.754154e-01 2.291163e-02
9.300000e-01 3.861304e-01 2.170642e-02
9.400000e-01 3.942377e-01 2.029808e-02
9.500000e-01 3.980717e-01 1.857608e-02
9.600000e-01 3.939130e-01 1.648964e-02
9.700000e-01 3.875627e-01 1.381876e-02
9.800000e-01 4.253981e-01 9.380674e-03
9.900000e-01 5.635668e-01 3.154188e-03
1.000000e+00 1.000000e+00 0.000000e+00
