# y u_x u_y
0.000000e+00 0.000000e+00 0.000000e+00
1.000000e-02 -1.470938e-01 1.382954e-03
2.000000e-02 -2.411843e-01 1.496105e-03
3.000000e-02 -3.089930e-01 -2.136797e-04
4.000000e-02 -3.607973e-01 -1.822620e-03
5.000000e-02 -3.985521e-01 -2.967722e-03
6.000000e-02 -4.137180e-01 -3.751248e-03
7.000000e-02 -4.117130e-01 -4.316331e-03
8.000000e-02 -3.987399e-01 -4.975392e-03
9.000000e-02 -3.838795e-01 -5.639663e-03
1.000000e-01 -3.695843e-01 -6.243085e-03
1.100000e-01 -3.574827e-01 -6.748119e-03
1.200000e-01 -3.482032e-01 -7.136204e-03
1.300000e-01 -3.393710e-01 -7.400618e-03
1.400000e-01 -3.310006e-01 -7.575473e-03
1.500000e-01 -3.229353e-01 -7.674178e-03
1.600000e-01 -3.148033e-01 -7.697965e-03
1.700000e-01 -3.061387e-01 -7.655385e-03
1.800000e-01 -2.974624e-01 -7.547898e-03
1.900000e-01 -2.887810e-01 -7.377557e-03
2.000000e-01 -2.801817e-01 -7.165756e-03
2.100000e-01 -2.716889e-01 -6.916697e-03
2.200000e-01 -2.632672e-01 -6.630270e-03
2.300000e-01 -2.546513e-01 -6.309669e-03
2.400000e-01 -2.460491e-01 -5.958662e-03
2.500000e-01 -2.374605e-01 -5.577249e-03
2.600000e-01 -2.290664e-01 -5.159669e-03
2.700000e-01 -2.206804e-01 -4.705294e-03
2.800000e-01 -2.123027e-01 -4.214125e-03
2.900000e-01 -2.037409e-01 -3.697397e-03
3.000000e-01 -1.951822e-01 -3.167607e-03
3.100000e-01 -1.866557e-01 -2.624625e-03
3.200000e-01 -1.782144e-01 -2.064122e-03
3.300000e-01 -1.697986e-01 -1.484089e-03
3.400000e-01 -1.613873e-01 -8.852681e-04
3.500000e-01 -1.528973e-01 -2.699506e-04
3.600000e-01 -1.443915e-01 3.582104e-04
3.700000e-01 -1.359266e-01 9.995348e-04
3.800000e-01 -1.274581e-01 1.654683e-03
3.900000e-01 -1.189776e-01 2.325726e-03
4.000000e-01 -1.105269e-01 3.012693e-03
4.100000e-01 -1.020565e-01 3.715255e-03
4.200000e-01 -9.353806e-02 4.430459e-03
4.300000e-01 -8.505649e-02 5.157614e-03
4.400000e-01 -7.657654e-02 5.896648e-03
4.500000e-01 -6.802580e-02 6.647157e-03
4.600000e-01 -5.950890e-02 7.409204e-03
4.700000e-01 -5.100868e-02 8.182746e-03
4.800000e-01 -4.241488e-02 8.966039e-03
4.900000e-01 -3.384183e-02 9.758213e-03
5.000000e-01 -2.528953e-02 1.055927e-02
5.100000e-01 -1.663807e-02 1.136758e-02
5.200000e-01 -7.992523e-03 1.218219e-02
5.300000e-01 6.471005e-04 1.300307e-02
5.400000e-01 9.367529e-03 1.382952e-02
5.500000e-01 1.810964e-02 1.466000e-02
5.600000e-01 2.686206e-02 1.549449e-02
5.700000e-01 3.567829e-02 1.633144e-02
5.800000e-01 4.453780e-02 1.716729e-02
5.900000e-01 5.342490e-02 1.800189e-02
6.000000e-01 6.237850e-02 1.883442e-02
6.100000e-01 7.139596e-02 1.966102e-02
6.200000e-01 8.045695e-02 2.048119e-02
6.300000e-01 8.958131e-02 2.129400e-02
6.400000e-01 9.877884e-02 2.209287e-02
6.500000e-01 1.080330e-01 2.287657e-02
6.600000e-01 1.173680e-01 2.364456e-02
6.700000e-01 1.268119e-01 2.439048e-02
6.800000e-01 1.363292e-01 2.511248e-02
6.900000e-01 1.459278e-01 2.581032e-02
7.000000e-01 1.556268e-01 2.647541e-02
7.100000e-01 1.654056e-01 2.710356e-02
7.200000e-01 1.752779e-01 2.769462e-02
7.300000e-01 1.853487e-01 2.824167e-02
7.400000e-01 1.955403e-01 2.874137e-02
7.500000e-01 2.058525e-01 2.919372e-02
7.600000e-01 2.162697e-01 2.959010e-02
7.700000e-01 2.267436e-01 2.991479e-02
7.800000e-01 2.372742e-01 3.016778e-02
7.900000e-01 2.483033e-01 3.034445e-02
8.000000e-01 2.595036e-01 3.044211e-02
8.100000e-01 2.708153e-01 3.046096e-02
8.200000e-01 2.822423e-01 3.039617e-02
8.300000e-01 2.937292e-01 3.022802e-02
8.400000e-01 3.052672e-01 2.995484e-02
8.500000e-01 3.174254e-01 2.957428e-02
8.600000e-01 3.299098e-01 2.907411e-02
8.700000e-01 3.423639e-01 2.845271e-02
8.800000e-01 3.552287e-01 2.772005e-02
8.900000e-01 3.684725e-01 2.693963e-02
9.000000e-01 3.823732e-01 2.603943e-02
9.100000e-01 3.964904e-01 2.491925e-02
9.200000e-01 4.104979e-01 2.374380e-02
9.300000e-01 4.239461e-01 2.245601e-02
9.400000e-01 4.352163e-01 2.082553e-02
9.500000e-01 4.424339e-01 1.905852e-02
9.600000e-01 4.431118e-01 1.699555e-02
9.700000e-01 4.368408e-01 1.428211e-02
9.800000e-01 4.506427e-01 1.024053e-02
9.900000e-01 6.047171e-01 3.894370e-03
1.000000e+00 1.000000e+00 0.000000e+00
